6.2643539166345139 1.3078593073728459 1
9.0865033740520413 1.209923795572369 1
12.660966049188026 0.60216622147036047 1
17.025610293477513 -0.87372719804093024 1
20.435903445945385 -2.88144015578832 1
23.329778546993506 -5.0800506525310123 1
26.954100955492692 -8.9505742558080179 1
28.819512234152363 -13.35709715057164 1
29.330006590487333 -17.201493055649816 1
29.112441469221274 -20.193877530064949 1
28.789607271630786 -23.181592925537604 1
27.194064059883601 -27.035396761813452 1
25.860343298233825 -30.039255310477824 1
23.694598319964513 -33.503426415484824 1
21.329114129751652 -35.443525775269357 1
18.120921033433213 -36.445948843149154 1
15.185916225966428 -36.7801877917056 1
12.244889521312579 -35.94761455881698 1
9.4740408004781962 -34.027291145311139 1
7.2711096239980453 -31.467201208785511 1
5.6950912958592639 -29.542796189069069 1
3.376220378903652 -27.644972770400948 1
0.63660228839260413 -26.545371265396927 1
-2.2270704500867367 -25.404925197431815 1
-4.3239605004098234 -24.210951508388344 1
-6.766036354866527 -21.776477247491083 1
-8.2016613381586545 -18.372949033400722 1
-8.2951251701994071 -15.091361888883045 1
-8.1396809436267414 -10.790565674362471 1
-7.9698691433804383 -8.2496616496348842 1
-7.0250758704701672 -4.1189290864682251 1
-5.7662210490013539 -1.573483617752395 1
-2.9917352562284929 1.188320058235014 1
-1.1273174544387976 1.4807914200305505 1
0.95040632447242857 1.7838094331459105 1
6.2727120211974592 1.4500380612939507 1
5.4557261276785987 -2.0849740834102986 2
8.2634803211386636 -2.38556843201021 2
11.290469505683983 -2.9234397722536931 2
14.099342860208557 -4.1361628458602251 2
16.792218887376794 -5.2013673073081197 2
19.640103464420921 -7.4821516703052904 2
22.069273571507807 -9.7165718533776975 2
24.392118175989189 -12.861716921801309 2
24.99914459207282 -16.087034181733173 2
24.994183049856407 -21.019321478610294 2
24.218441617278863 -24.46857251015226 2
23.791092135903117 -26.701873994435765 2
21.925208667180229 -29.635635842777962 2
19.025226644585338 -32.066774575105597 2
15.767703242810967 -32.858276881513447 2
13.127780840817334 -31.928357832254388 2
11.455730935887157 -30.502964165532745 2
8.8563590780269177 -27.782960599241644 2
7.3611800910462257 -26.069719173876233 2
4.8771952977286919 -24.027813772826498 2
2.2235639151824418 -22.964046110478389 2
-0.69037969260487209 -21.927345580239795 2
-3.4705336381441403 -19.43991717779247 2
-4.1178147037377935 -15.006146920597757 2
-4.1274193721530166 -11.308257518699 2
-3.9399188391970967 -7.7869339684872214 2
-3.2502393654847319 -5.5661455308817818 2
-2.4890506950656177 -4.0059112885521921 2
-0.93089302358815851 -2.3323402781806264 2
1.6061082445243606 -1.7984673560857751 2
5.465088987862325 -1.9717305272213081 2
